8.00000000000000000000000000000000000000000000000000000000000000000000000000000000e+01
1.19919839679358716466595069505274295806884765625000000000000000000000000000000000e+02
1.59839679358717432933190139010548591613769531250000000000000000000000000000000000e+02
1.99759519038076149399785208515822887420654296875000000000000000000000000000000000e+02
2.39679358717434865866380278021097183227539062500000000000000000000000000000000000e+02
2.79599198396793553911265917122364044189453125000000000000000000000000000000000000e+02
3.19519038076152298799570417031645774841308593750000000000000000000000000000000000e+02
3.59438877755511043687874916940927505493164062500000000000000000000000000000000000e+02
3.99358717434869731732760556042194366455078125000000000000000000000000000000000000e+02
4.39278557114228419777646195143461227416992187500000000000000000000000000000000000e+02
4.79198396793587164665950695052742958068847656250000000000000000000000000000000000e+02
5.19118236472945909554255194962024688720703125000000000000000000000000000000000000e+02
5.59038076152304597599140834063291549682617187500000000000000000000000000000000000e+02
5.98957915831663285644026473164558410644531250000000000000000000000000000000000000e+02
6.38877755511022087375749833881855010986328125000000000000000000000000000000000000e+02
6.78797595190380775420635472983121871948242187500000000000000000000000000000000000e+02
7.18717434869739463465521112084388732910156250000000000000000000000000000000000000e+02
7.58637274549098151510406751185655593872070312500000000000000000000000000000000000e+02
7.98557114228456839555292390286922454833984375000000000000000000000000000000000000e+02
8.38476953907815641287015751004219055175781250000000000000000000000000000000000000e+02
8.78396793587174329331901390105485916137695312500000000000000000000000000000000000e+02
9.18316633266533017376787029206752777099609375000000000000000000000000000000000000e+02
9.58236472945891819108510389924049377441406250000000000000000000000000000000000000e+02
9.98156312625250507153396029025316238403320312500000000000000000000000000000000000e+02
1.03807615230460919519828166812658309936523437500000000000000000000000000000000000e+03
1.07799599198396799693000502884387969970703125000000000000000000000000000000000000e+03
1.11791583166332657128805294632911682128906250000000000000000000000000000000000000e+03
1.15783567134268537301977630704641342163085937500000000000000000000000000000000000e+03
1.19775551102204417475149966776371002197265625000000000000000000000000000000000000e+03
1.23767535070140274910954758524894714355468750000000000000000000000000000000000000e+03
1.27759519038076155084127094596624374389648437500000000000000000000000000000000000e+03
1.31751503006012012519931886345148086547851562500000000000000000000000000000000000e+03
1.35743486973947892693104222416877746582031250000000000000000000000000000000000000e+03
1.39735470941883772866276558488607406616210937500000000000000000000000000000000000e+03
1.43727454909819630302081350237131118774414062500000000000000000000000000000000000e+03
1.47719438877755510475253686308860778808593750000000000000000000000000000000000000e+03
1.51711422845691367911058478057384490966796875000000000000000000000000000000000000e+03
1.55703406813627248084230814129114151000976562500000000000000000000000000000000000e+03
1.59695390781563128257403150200843811035156250000000000000000000000000000000000000e+03
1.63687374749498985693207941949367523193359375000000000000000000000000000000000000e+03
1.67679358717434865866380278021097183227539062500000000000000000000000000000000000e+03
1.71671342685370746039552614092826843261718750000000000000000000000000000000000000e+03
1.75663326653306603475357405841350555419921875000000000000000000000000000000000000e+03
1.79655310621242483648529741913080215454101562500000000000000000000000000000000000e+03
1.83647294589178363821702077984809875488281250000000000000000000000000000000000000e+03
1.87639278557114221257506869733333587646484375000000000000000000000000000000000000e+03
1.91631262525050101430679205805063247680664062500000000000000000000000000000000000e+03
1.95623246492985958866483997553586959838867187500000000000000000000000000000000000e+03
1.99615230460921839039656333625316619873046875000000000000000000000000000000000000e+03
2.03607214428857719212828669697046279907226562500000000000000000000000000000000000e+03
2.07599198396793599386001005768775939941406250000000000000000000000000000000000000e+03
2.11591182364729456821805797517299652099609375000000000000000000000000000000000000e+03
2.15583166332665314257610589265823364257812500000000000000000000000000000000000000e+03
2.19575150300601217168150469660758972167968750000000000000000000000000000000000000e+03
2.23567134268537074603955261409282684326171875000000000000000000000000000000000000e+03
2.27559118236472932039760053157806396484375000000000000000000000000000000000000000e+03
2.31551102204408834950299933552742004394531250000000000000000000000000000000000000e+03
2.35543086172344692386104725301265716552734375000000000000000000000000000000000000e+03
2.39535070140280549821909517049789428710937500000000000000000000000000000000000000e+03
2.43527054108216407257714308798313140869140625000000000000000000000000000000000000e+03
2.47519038076152310168254189193248748779296875000000000000000000000000000000000000e+03
2.51511022044088167604058980941772460937500000000000000000000000000000000000000000e+03
2.55503006012024025039863772690296173095703125000000000000000000000000000000000000e+03
2.59494989979959927950403653085231781005859375000000000000000000000000000000000000e+03
2.63486973947895785386208444833755493164062500000000000000000000000000000000000000e+03
2.67478957915831642822013236582279205322265625000000000000000000000000000000000000e+03
2.71470941883767545732553116977214813232421875000000000000000000000000000000000000e+03
2.75462925851703403168357908725738525390625000000000000000000000000000000000000000e+03
2.79454909819639260604162700474262237548828125000000000000000000000000000000000000e+03
2.83446893787575163514702580869197845458984375000000000000000000000000000000000000e+03
2.87438877755511020950507372617721557617187500000000000000000000000000000000000000e+03
2.91430861723446878386312164366245269775390625000000000000000000000000000000000000e+03
2.95422845691382735822116956114768981933593750000000000000000000000000000000000000e+03
2.99414829659318638732656836509704589843750000000000000000000000000000000000000000e+03
3.03406813627254496168461628258228302001953125000000000000000000000000000000000000e+03
3.07398797595190353604266420006752014160156250000000000000000000000000000000000000e+03
3.11390781563126256514806300401687622070312500000000000000000000000000000000000000e+03
3.15382765531062113950611092150211334228515625000000000000000000000000000000000000e+03
3.19374749498997971386415883898735046386718750000000000000000000000000000000000000e+03
3.23366733466933874296955764293670654296875000000000000000000000000000000000000000e+03
3.27358717434869731732760556042194366455078125000000000000000000000000000000000000e+03
3.31350701402805589168565347790718078613281250000000000000000000000000000000000000e+03
3.35342685370741492079105228185653686523437500000000000000000000000000000000000000e+03
3.39334669338677349514910019934177398681640625000000000000000000000000000000000000e+03
3.43326653306613206950714811682701110839843750000000000000000000000000000000000000e+03
3.47318637274549109861254692077636718750000000000000000000000000000000000000000000e+03
3.51310621242484967297059483826160430908203125000000000000000000000000000000000000e+03
3.55302605210420824732864275574684143066406250000000000000000000000000000000000000e+03
3.59294589178356727643404155969619750976562500000000000000000000000000000000000000e+03
3.63286573146292585079208947718143463134765625000000000000000000000000000000000000e+03
3.67278557114228442515013739466667175292968750000000000000000000000000000000000000e+03
3.71270541082164299950818531215190887451171875000000000000000000000000000000000000e+03
3.75262525050100202861358411610126495361328125000000000000000000000000000000000000e+03
3.79254509018036060297163203358650207519531250000000000000000000000000000000000000e+03
3.83246492985971917732967995107173919677734375000000000000000000000000000000000000e+03
3.87238476953907820643507875502109527587890625000000000000000000000000000000000000e+03
3.91230460921843678079312667250633239746093750000000000000000000000000000000000000e+03
3.95222444889779535515117458999156951904296875000000000000000000000000000000000000e+03
3.99214428857715438425657339394092559814453125000000000000000000000000000000000000e+03
4.03206412825651295861462131142616271972656250000000000000000000000000000000000000e+03
4.07198396793587153297266922891139984130859375000000000000000000000000000000000000e+03
4.11190380761523010733071714639663696289062500000000000000000000000000000000000000e+03
4.15182364729458913643611595034599304199218750000000000000000000000000000000000000e+03
4.19174348697394816554151475429534912109375000000000000000000000000000000000000000e+03
4.23166332665330628515221178531646728515625000000000000000000000000000000000000000e+03
4.27158316633266531425761058926582336425781250000000000000000000000000000000000000e+03
4.31150300601202434336300939321517944335937500000000000000000000000000000000000000e+03
4.35142284569138246297370642423629760742187500000000000000000000000000000000000000e+03
4.39134268537074149207910522818565368652343750000000000000000000000000000000000000e+03
4.43126252505010052118450403213500976562500000000000000000000000000000000000000000e+03
4.47118236472945864079520106315612792968750000000000000000000000000000000000000000e+03
4.51110220440881766990059986710548400878906250000000000000000000000000000000000000e+03
4.55102204408817669900599867105484008789062500000000000000000000000000000000000000e+03
4.59094188376753481861669570207595825195312500000000000000000000000000000000000000e+03
4.63086172344689384772209450602531433105468750000000000000000000000000000000000000e+03
4.67078156312625196733279153704643249511718750000000000000000000000000000000000000e+03
4.71070140280561099643819034099578857421875000000000000000000000000000000000000000e+03
4.75062124248497002554358914494514465332031250000000000000000000000000000000000000e+03
4.79054108216432814515428617596626281738281250000000000000000000000000000000000000e+03
4.83046092184368717425968497991561889648437500000000000000000000000000000000000000e+03
4.87038076152304620336508378386497497558593750000000000000000000000000000000000000e+03
4.91030060120240432297578081488609313964843750000000000000000000000000000000000000e+03
4.95022044088176335208117961883544921875000000000000000000000000000000000000000000e+03
4.99014028056112238118657842278480529785156250000000000000000000000000000000000000e+03
5.03006012024048050079727545380592346191406250000000000000000000000000000000000000e+03
5.06997995991983952990267425775527954101562500000000000000000000000000000000000000e+03
5.10989979959919855900807306170463562011718750000000000000000000000000000000000000e+03
5.14981963927855667861877009272575378417968750000000000000000000000000000000000000e+03
5.18973947895791570772416889667510986328125000000000000000000000000000000000000000e+03
5.22965931863727473682956770062446594238281250000000000000000000000000000000000000e+03
5.26957915831663285644026473164558410644531250000000000000000000000000000000000000e+03
5.30949899799599188554566353559494018554687500000000000000000000000000000000000000e+03
5.34941883767535091465106233954429626464843750000000000000000000000000000000000000e+03
5.38933867735470903426175937056541442871093750000000000000000000000000000000000000e+03
5.42925851703406806336715817451477050781250000000000000000000000000000000000000000e+03
5.46917835671342709247255697846412658691406250000000000000000000000000000000000000e+03
5.50909819639278521208325400948524475097656250000000000000000000000000000000000000e+03
5.54901803607214424118865281343460083007812500000000000000000000000000000000000000e+03
5.58893787575150327029405161738395690917968750000000000000000000000000000000000000e+03
5.62885771543086138990474864840507507324218750000000000000000000000000000000000000e+03
5.66877755511022041901014745235443115234375000000000000000000000000000000000000000e+03
5.70869739478957944811554625630378723144531250000000000000000000000000000000000000e+03
5.74861723446893756772624328732490539550781250000000000000000000000000000000000000e+03
5.78853707414829659683164209127426147460937500000000000000000000000000000000000000e+03
5.82845691382765471644233912229537963867187500000000000000000000000000000000000000e+03
5.86837675350701374554773792624473571777343750000000000000000000000000000000000000e+03
5.90829659318637277465313673019409179687500000000000000000000000000000000000000000e+03
5.94821643286573089426383376121520996093750000000000000000000000000000000000000000e+03
5.98813627254508992336923256516456604003906250000000000000000000000000000000000000e+03
6.02805611222444895247463136911392211914062500000000000000000000000000000000000000e+03
6.06797595190380707208532840013504028320312500000000000000000000000000000000000000e+03
6.10789579158316610119072720408439636230468750000000000000000000000000000000000000e+03
6.14781563126252513029612600803375244140625000000000000000000000000000000000000000e+03
6.18773547094188324990682303905487060546875000000000000000000000000000000000000000e+03
6.22765531062124227901222184300422668457031250000000000000000000000000000000000000e+03
6.26757515030060130811762064695358276367187500000000000000000000000000000000000000e+03
6.30749498997995942772831767797470092773437500000000000000000000000000000000000000e+03
6.34741482965931845683371648192405700683593750000000000000000000000000000000000000e+03
6.38733466933867748593911528587341308593750000000000000000000000000000000000000000e+03
6.42725450901803560554981231689453125000000000000000000000000000000000000000000000e+03
6.46717434869739463465521112084388732910156250000000000000000000000000000000000000e+03
6.50709418837675366376060992479324340820312500000000000000000000000000000000000000e+03
6.54701402805611178337130695581436157226562500000000000000000000000000000000000000e+03
6.58693386773547081247670575976371765136718750000000000000000000000000000000000000e+03
6.62685370741482984158210456371307373046875000000000000000000000000000000000000000e+03
6.66677354709418796119280159473419189453125000000000000000000000000000000000000000e+03
6.70669338677354699029820039868354797363281250000000000000000000000000000000000000e+03
6.74661322645290601940359920263290405273437500000000000000000000000000000000000000e+03
6.78653306613226413901429623365402221679687500000000000000000000000000000000000000e+03
6.82645290581162316811969503760337829589843750000000000000000000000000000000000000e+03
6.86637274549098219722509384155273437500000000000000000000000000000000000000000000e+03
6.90629258517034031683579087257385253906250000000000000000000000000000000000000000e+03
6.94621242484969934594118967652320861816406250000000000000000000000000000000000000e+03
6.98613226452905837504658848047256469726562500000000000000000000000000000000000000e+03
7.02605210420841649465728551149368286132812500000000000000000000000000000000000000e+03
7.06597194388777552376268431544303894042968750000000000000000000000000000000000000e+03
7.10589178356713455286808311939239501953125000000000000000000000000000000000000000e+03
7.14581162324649267247878015041351318359375000000000000000000000000000000000000000e+03
7.18573146292585170158417895436286926269531250000000000000000000000000000000000000e+03
7.22565130260520982119487598538398742675781250000000000000000000000000000000000000e+03
7.26557114228456885030027478933334350585937500000000000000000000000000000000000000e+03
7.30549098196392787940567359328269958496093750000000000000000000000000000000000000e+03
7.34541082164328599901637062430381774902343750000000000000000000000000000000000000e+03
7.38533066132264502812176942825317382812500000000000000000000000000000000000000000e+03
7.42525050100200405722716823220252990722656250000000000000000000000000000000000000e+03
7.46517034068136217683786526322364807128906250000000000000000000000000000000000000e+03
7.50509018036072120594326406717300415039062500000000000000000000000000000000000000e+03
7.54501002004008023504866287112236022949218750000000000000000000000000000000000000e+03
7.58492985971943835465935990214347839355468750000000000000000000000000000000000000e+03
7.62484969939879738376475870609283447265625000000000000000000000000000000000000000e+03
7.66476953907815641287015751004219055175781250000000000000000000000000000000000000e+03
7.70468937875751453248085454106330871582031250000000000000000000000000000000000000e+03
7.74460921843687356158625334501266479492187500000000000000000000000000000000000000e+03
7.78452905811623259069165214896202087402343750000000000000000000000000000000000000e+03
7.82444889779559071030234917998313903808593750000000000000000000000000000000000000e+03
7.86436873747494973940774798393249511718750000000000000000000000000000000000000000e+03
7.90428857715430876851314678788185119628906250000000000000000000000000000000000000e+03
7.94420841683366688812384381890296936035156250000000000000000000000000000000000000e+03
7.98412825651302591722924262285232543945312500000000000000000000000000000000000000e+03
8.02404809619238494633464142680168151855468750000000000000000000000000000000000000e+03
8.06396793587174306594533845782279968261718750000000000000000000000000000000000000e+03
8.10388777555110209505073726177215576171875000000000000000000000000000000000000000e+03
8.14380761523046112415613606572151184082031250000000000000000000000000000000000000e+03
8.18372745490981924376683309674263000488281250000000000000000000000000000000000000e+03
8.22364729458917827287223190069198608398437500000000000000000000000000000000000000e+03
8.26356713426853821147233247756958007812500000000000000000000000000000000000000000e+03
8.30348697394789633108302950859069824218750000000000000000000000000000000000000000e+03
8.34340681362725445069372653961181640625000000000000000000000000000000000000000000e+03
8.38332665330661257030442357063293457031250000000000000000000000000000000000000000e+03
8.42324649298597250890452414751052856445312500000000000000000000000000000000000000e+03
8.46316633266533062851522117853164672851562500000000000000000000000000000000000000e+03
8.50308617234468874812591820955276489257812500000000000000000000000000000000000000e+03
8.54300601202404868672601878643035888671875000000000000000000000000000000000000000e+03
8.58292585170340680633671581745147705078125000000000000000000000000000000000000000e+03
8.62284569138276492594741284847259521484375000000000000000000000000000000000000000e+03
8.66276553106212486454751342535018920898437500000000000000000000000000000000000000e+03
8.70268537074148298415821045637130737304687500000000000000000000000000000000000000e+03
8.74260521042084110376890748739242553710937500000000000000000000000000000000000000e+03
8.78252505010020104236900806427001953125000000000000000000000000000000000000000000e+03
8.82244488977955916197970509529113769531250000000000000000000000000000000000000000e+03
8.86236472945891728159040212631225585937500000000000000000000000000000000000000000e+03
8.90228456913827722019050270318984985351562500000000000000000000000000000000000000e+03
8.94220440881763533980119973421096801757812500000000000000000000000000000000000000e+03
8.98212424849699345941189676523208618164062500000000000000000000000000000000000000e+03
9.02204408817635339801199734210968017578125000000000000000000000000000000000000000e+03
9.06196392785571151762269437313079833984375000000000000000000000000000000000000000e+03
9.10188376753506963723339140415191650390625000000000000000000000000000000000000000e+03
9.14180360721442775684408843517303466796875000000000000000000000000000000000000000e+03
9.18172344689378769544418901205062866210937500000000000000000000000000000000000000e+03
9.22164328657314581505488604307174682617187500000000000000000000000000000000000000e+03
9.26156312625250393466558307409286499023437500000000000000000000000000000000000000e+03
9.30148296593186387326568365097045898437500000000000000000000000000000000000000000e+03
9.34140280561122199287638068199157714843750000000000000000000000000000000000000000e+03
9.38132264529058011248707771301269531250000000000000000000000000000000000000000000e+03
9.42124248496994005108717828989028930664062500000000000000000000000000000000000000e+03
9.46116232464929817069787532091140747070312500000000000000000000000000000000000000e+03
9.50108216432865629030857235193252563476562500000000000000000000000000000000000000e+03
9.54100200400801622890867292881011962890625000000000000000000000000000000000000000e+03
9.58092184368737434851936995983123779296875000000000000000000000000000000000000000e+03
9.62084168336673246813006699085235595703125000000000000000000000000000000000000000e+03
9.66076152304609240673016756772994995117187500000000000000000000000000000000000000e+03
9.70068136272545052634086459875106811523437500000000000000000000000000000000000000e+03
9.74060120240480864595156162977218627929687500000000000000000000000000000000000000e+03
9.78052104208416858455166220664978027343750000000000000000000000000000000000000000e+03
9.82044088176352670416235923767089843750000000000000000000000000000000000000000000e+03
9.86036072144288482377305626869201660156250000000000000000000000000000000000000000e+03
9.90028056112224476237315684556961059570312500000000000000000000000000000000000000e+03
9.94020040080160288198385387659072875976562500000000000000000000000000000000000000e+03
9.98012024048096100159455090761184692382812500000000000000000000000000000000000000e+03
1.00200400801603209401946514844894409179687500000000000000000000000000000000000000e+04
1.00599599198396790598053485155105590820312500000000000000000000000000000000000000e+04
1.00998797595190371794160455465316772460937500000000000000000000000000000000000000e+04
1.01397995991983971180161461234092712402343750000000000000000000000000000000000000e+04
1.01797194388777552376268431544303894042968750000000000000000000000000000000000000e+04
1.02196392785571133572375401854515075683593750000000000000000000000000000000000000e+04
1.02595591182364732958376407623291015625000000000000000000000000000000000000000000e+04
1.02994789579158314154483377933502197265625000000000000000000000000000000000000000e+04
1.03393987975951895350590348243713378906250000000000000000000000000000000000000000e+04
1.03793186372745494736591354012489318847656250000000000000000000000000000000000000e+04
1.04192384769539075932698324322700500488281250000000000000000000000000000000000000e+04
1.04591583166332657128805294632911682128906250000000000000000000000000000000000000e+04
1.04990781563126256514806300401687622070312500000000000000000000000000000000000000e+04
1.05389979959919837710913270711898803710937500000000000000000000000000000000000000e+04
1.05789178356713418907020241022109985351562500000000000000000000000000000000000000e+04
1.06188376753507018293021246790885925292968750000000000000000000000000000000000000e+04
1.06587575150300599489128217101097106933593750000000000000000000000000000000000000e+04
1.06986773547094180685235187411308288574218750000000000000000000000000000000000000e+04
1.07385971943887780071236193180084228515625000000000000000000000000000000000000000e+04
1.07785170340681361267343163490295410156250000000000000000000000000000000000000000e+04
1.08184368737474942463450133800506591796875000000000000000000000000000000000000000e+04
1.08583567134268541849451139569282531738281250000000000000000000000000000000000000e+04
1.08982765531062123045558109879493713378906250000000000000000000000000000000000000e+04
1.09381963927855704241665080189704895019531250000000000000000000000000000000000000e+04
1.09781162324649303627666085958480834960937500000000000000000000000000000000000000e+04
1.10180360721442884823773056268692016601562500000000000000000000000000000000000000e+04
1.10579559118236466019880026578903198242187500000000000000000000000000000000000000e+04
1.10978757515030065405881032347679138183593750000000000000000000000000000000000000e+04
1.11377955911823646601988002657890319824218750000000000000000000000000000000000000e+04
1.11777154308617227798094972968101501464843750000000000000000000000000000000000000e+04
1.12176352705410827184095978736877441406250000000000000000000000000000000000000000e+04
1.12575551102204408380202949047088623046875000000000000000000000000000000000000000e+04
1.12974749498997989576309919357299804687500000000000000000000000000000000000000000e+04
1.13373947895791588962310925126075744628906250000000000000000000000000000000000000e+04
1.13773146292585170158417895436286926269531250000000000000000000000000000000000000e+04
1.14172344689378751354524865746498107910156250000000000000000000000000000000000000e+04
1.14571543086172350740525871515274047851562500000000000000000000000000000000000000e+04
1.14970741482965931936632841825485229492187500000000000000000000000000000000000000e+04
1.15369939879759513132739812135696411132812500000000000000000000000000000000000000e+04
1.15769138276553094328846782445907592773437500000000000000000000000000000000000000e+04
1.16168336673346693714847788214683532714843750000000000000000000000000000000000000e+04
1.16567535070140274910954758524894714355468750000000000000000000000000000000000000e+04
1.16966733466933856107061728835105895996093750000000000000000000000000000000000000e+04
1.17365931863727455493062734603881835937500000000000000000000000000000000000000000e+04
1.17765130260521036689169704914093017578125000000000000000000000000000000000000000e+04
1.18164328657314617885276675224304199218750000000000000000000000000000000000000000e+04
1.18563527054108217271277680993080139160156250000000000000000000000000000000000000e+04
1.18962725450901798467384651303291320800781250000000000000000000000000000000000000e+04
1.19361923847695379663491621613502502441406250000000000000000000000000000000000000e+04
1.19761122244488979049492627382278442382812500000000000000000000000000000000000000e+04
1.20160320641282560245599597692489624023437500000000000000000000000000000000000000e+04
1.20559519038076141441706568002700805664062500000000000000000000000000000000000000e+04
1.20958717434869740827707573771476745605468750000000000000000000000000000000000000e+04
1.21357915831663322023814544081687927246093750000000000000000000000000000000000000e+04
1.21757114228456903219921514391899108886718750000000000000000000000000000000000000e+04
1.22156312625250502605922520160675048828125000000000000000000000000000000000000000e+04
1.22555511022044083802029490470886230468750000000000000000000000000000000000000000e+04
1.22954709418837664998136460781097412109375000000000000000000000000000000000000000e+04
1.23353907815631264384137466549873352050781250000000000000000000000000000000000000e+04
1.23753106212424845580244436860084533691406250000000000000000000000000000000000000e+04
1.24152304609218426776351407170295715332031250000000000000000000000000000000000000e+04
1.24551503006012026162352412939071655273437500000000000000000000000000000000000000e+04
1.24950701402805607358459383249282836914062500000000000000000000000000000000000000e+04
1.25349899799599188554566353559494018554687500000000000000000000000000000000000000e+04
1.25749098196392787940567359328269958496093750000000000000000000000000000000000000e+04
1.26148296593186369136674329638481140136718750000000000000000000000000000000000000e+04
1.26547494989979950332781299948692321777343750000000000000000000000000000000000000e+04
1.26946693386773549718782305717468261718750000000000000000000000000000000000000000e+04
1.27345891783567130914889276027679443359375000000000000000000000000000000000000000e+04
1.27745090180360712110996246337890625000000000000000000000000000000000000000000000e+04
1.28144288577154311496997252106666564941406250000000000000000000000000000000000000e+04
1.28543486973947892693104222416877746582031250000000000000000000000000000000000000e+04
1.28942685370741473889211192727088928222656250000000000000000000000000000000000000e+04
1.29341883767535073275212198495864868164062500000000000000000000000000000000000000e+04
1.29741082164328654471319168806076049804687500000000000000000000000000000000000000e+04
1.30140280561122235667426139116287231445312500000000000000000000000000000000000000e+04
1.30539478957915835053427144885063171386718750000000000000000000000000000000000000e+04
1.30938677354709416249534115195274353027343750000000000000000000000000000000000000e+04
1.31337875751502997445641085505485534667968750000000000000000000000000000000000000e+04
1.31737074148296596831642091274261474609375000000000000000000000000000000000000000e+04
1.32136272545090178027749061584472656250000000000000000000000000000000000000000000e+04
1.32535470941883759223856031894683837890625000000000000000000000000000000000000000e+04
1.32934669338677358609857037663459777832031250000000000000000000000000000000000000e+04
1.33333867735470939805964007973670959472656250000000000000000000000000000000000000e+04
1.33733066132264521002070978283882141113281250000000000000000000000000000000000000e+04
1.34132264529058120388071984052658081054687500000000000000000000000000000000000000e+04
1.34531462925851701584178954362869262695312500000000000000000000000000000000000000e+04
1.34930661322645282780285924673080444335937500000000000000000000000000000000000000e+04
1.35329859719438882166286930441856384277343750000000000000000000000000000000000000e+04
1.35729058116232463362393900752067565917968750000000000000000000000000000000000000e+04
1.36128256513026044558500871062278747558593750000000000000000000000000000000000000e+04
1.36527454909819643944501876831054687500000000000000000000000000000000000000000000e+04
1.36926653306613225140608847141265869140625000000000000000000000000000000000000000e+04
1.37325851703406806336715817451477050781250000000000000000000000000000000000000000e+04
1.37725050100200405722716823220252990722656250000000000000000000000000000000000000e+04
1.38124248496993986918823793530464172363281250000000000000000000000000000000000000e+04
1.38523446893787568114930763840675354003906250000000000000000000000000000000000000e+04
1.38922645290581167500931769609451293945312500000000000000000000000000000000000000e+04
1.39321843687374748697038739919662475585937500000000000000000000000000000000000000e+04
1.39721042084168329893145710229873657226562500000000000000000000000000000000000000e+04
1.40120240480961929279146715998649597167968750000000000000000000000000000000000000e+04
1.40519438877755510475253686308860778808593750000000000000000000000000000000000000e+04
1.40918637274549091671360656619071960449218750000000000000000000000000000000000000e+04
1.41317835671342691057361662387847900390625000000000000000000000000000000000000000e+04
1.41717034068136272253468632698059082031250000000000000000000000000000000000000000e+04
1.42116232464929853449575603008270263671875000000000000000000000000000000000000000e+04
1.42515430861723434645682573318481445312500000000000000000000000000000000000000000e+04
1.42914629258517034031683579087257385253906250000000000000000000000000000000000000e+04
1.43313827655310615227790549397468566894531250000000000000000000000000000000000000e+04
1.43713026052104196423897519707679748535156250000000000000000000000000000000000000e+04
1.44112224448897795809898525476455688476562500000000000000000000000000000000000000e+04
1.44511422845691377006005495786666870117187500000000000000000000000000000000000000e+04
1.44910621242484958202112466096878051757812500000000000000000000000000000000000000e+04
1.45309819639278557588113471865653991699218750000000000000000000000000000000000000e+04
1.45709018036072138784220442175865173339843750000000000000000000000000000000000000e+04
1.46108216432865719980327412486076354980468750000000000000000000000000000000000000e+04
1.46507414829659319366328418254852294921875000000000000000000000000000000000000000e+04
1.46906613226452900562435388565063476562500000000000000000000000000000000000000000e+04
1.47305811623246481758542358875274658203125000000000000000000000000000000000000000e+04
1.47705010020040081144543364644050598144531250000000000000000000000000000000000000e+04
1.48104208416833662340650334954261779785156250000000000000000000000000000000000000e+04
1.48503406813627243536757305264472961425781250000000000000000000000000000000000000e+04
1.48902605210420842922758311033248901367187500000000000000000000000000000000000000e+04
1.49301803607214424118865281343460083007812500000000000000000000000000000000000000e+04
1.49701002004008005314972251653671264648437500000000000000000000000000000000000000e+04
1.50100200400801604700973257422447204589843750000000000000000000000000000000000000e+04
1.50499398797595185897080227732658386230468750000000000000000000000000000000000000e+04
1.50898597194388767093187198042869567871093750000000000000000000000000000000000000e+04
1.51297795591182366479188203811645507812500000000000000000000000000000000000000000e+04
1.51696993987975947675295174121856689453125000000000000000000000000000000000000000e+04
1.52096192384769528871402144432067871093750000000000000000000000000000000000000000e+04
1.52495390781563128257403150200843811035156250000000000000000000000000000000000000e+04
1.52894589178356709453510120511054992675781250000000000000000000000000000000000000e+04
1.53293787575150290649617090821266174316406250000000000000000000000000000000000000e+04
1.53692985971943890035618096590042114257812500000000000000000000000000000000000000e+04
1.54092184368737471231725066900253295898437500000000000000000000000000000000000000e+04
1.54491382765531052427832037210464477539062500000000000000000000000000000000000000e+04
1.54890581162324651813833042979240417480468750000000000000000000000000000000000000e+04
1.55289779559118233009940013289451599121093750000000000000000000000000000000000000e+04
1.55688977955911814206046983599662780761718750000000000000000000000000000000000000e+04
1.56088176352705413592047989368438720703125000000000000000000000000000000000000000e+04
1.56487374749498994788154959678649902343750000000000000000000000000000000000000000e+04
1.56886573146292575984261929988861083984375000000000000000000000000000000000000000e+04
1.57285771543086175370262935757637023925781250000000000000000000000000000000000000e+04
1.57684969939879756566369906067848205566406250000000000000000000000000000000000000e+04
1.58084168336673337762476876378059387207031250000000000000000000000000000000000000e+04
1.58483366733466937148477882146835327148437500000000000000000000000000000000000000e+04
1.58882565130260518344584852457046508789062500000000000000000000000000000000000000e+04
1.59281763527054099540691822767257690429687500000000000000000000000000000000000000e+04
1.59680961923847698926692828536033630371093750000000000000000000000000000000000000e+04
1.60080160320641280122799798846244812011718750000000000000000000000000000000000000e+04
1.60479358717434861318906769156455993652343750000000000000000000000000000000000000e+04
1.60878557114228460704907774925231933593750000000000000000000000000000000000000000e+04
1.61277755511022041901014745235443115234375000000000000000000000000000000000000000e+04
1.61676953907815623097121715545654296875000000000000000000000000000000000000000000e+04
1.62076152304609222483122721314430236816406250000000000000000000000000000000000000e+04
1.62475350701402803679229691624641418457031250000000000000000000000000000000000000e+04
1.62874549098196384875336661934852600097656250000000000000000000000000000000000000e+04
1.63273747494989984261337667703628540039062500000000000000000000000000000000000000e+04
1.63672945891783565457444638013839721679687500000000000000000000000000000000000000e+04
1.64072144288577146653551608324050903320312500000000000000000000000000000000000000e+04
1.64471342685370764229446649551391601562500000000000000000000000000000000000000000e+04
1.64870541082164309045765548944473266601562500000000000000000000000000000000000000e+04
1.65269739478957926621660590171813964843750000000000000000000000000000000000000000e+04
1.65668937875751507817767560482025146484375000000000000000000000000000000000000000e+04
1.66068136272545089013874530792236328125000000000000000000000000000000000000000000e+04
1.66467334669338670209981501102447509765625000000000000000000000000000000000000000e+04
1.66866533066132251406088471412658691406250000000000000000000000000000000000000000e+04
1.67265731462925832602195441722869873046875000000000000000000000000000000000000000e+04
1.67664929859719450178090482950210571289062500000000000000000000000000000000000000e+04
1.68064128256513031374197453260421752929687500000000000000000000000000000000000000e+04
1.68463326653306612570304423570632934570312500000000000000000000000000000000000000e+04
1.68862525050100193766411393880844116210937500000000000000000000000000000000000000e+04
1.69261723446893774962518364191055297851562500000000000000000000000000000000000000e+04
1.69660921843687356158625334501266479492187500000000000000000000000000000000000000e+04
1.70060120240480973734520375728607177734375000000000000000000000000000000000000000e+04
1.70459318637274554930627346038818359375000000000000000000000000000000000000000000e+04
1.70858517034068136126734316349029541015625000000000000000000000000000000000000000e+04
1.71257715430861717322841286659240722656250000000000000000000000000000000000000000e+04
1.71656913827655298518948256969451904296875000000000000000000000000000000000000000e+04
1.72056112224448879715055227279663085937500000000000000000000000000000000000000000e+04
1.72455310621242497290950268507003784179687500000000000000000000000000000000000000e+04
1.72854509018036078487057238817214965820312500000000000000000000000000000000000000e+04
1.73253707414829659683164209127426147460937500000000000000000000000000000000000000e+04
1.73652905811623240879271179437637329101562500000000000000000000000000000000000000e+04
1.74052104208416822075378149747848510742187500000000000000000000000000000000000000e+04
1.74451302605210403271485120058059692382812500000000000000000000000000000000000000e+04
1.74850501002004020847380161285400390625000000000000000000000000000000000000000000e+04
1.75249699398797602043487131595611572265625000000000000000000000000000000000000000e+04
1.75648897795591183239594101905822753906250000000000000000000000000000000000000000e+04
1.76048096192384764435701072216033935546875000000000000000000000000000000000000000e+04
1.76447294589178345631808042526245117187500000000000000000000000000000000000000000e+04
1.76846492985971926827915012836456298828125000000000000000000000000000000000000000e+04
1.77245691382765544403810054063796997070312500000000000000000000000000000000000000e+04
1.77644889779559125599917024374008178710937500000000000000000000000000000000000000e+04
1.78044088176352706796023994684219360351562500000000000000000000000000000000000000e+04
1.78443286573146287992130964994430541992187500000000000000000000000000000000000000e+04
1.78842484969939869188237935304641723632812500000000000000000000000000000000000000e+04
1.79241683366733450384344905614852905273437500000000000000000000000000000000000000e+04
1.79640881763527067960239946842193603515625000000000000000000000000000000000000000e+04
1.80040080160320649156346917152404785156250000000000000000000000000000000000000000e+04
1.80439278557114230352453887462615966796875000000000000000000000000000000000000000e+04
1.80838476953907811548560857772827148437500000000000000000000000000000000000000000e+04
1.81237675350701392744667828083038330078125000000000000000000000000000000000000000e+04
1.81636873747494973940774798393249511718750000000000000000000000000000000000000000e+04
1.82036072144288555136881768703460693359375000000000000000000000000000000000000000e+04
1.82435270541082172712776809930801391601562500000000000000000000000000000000000000e+04
1.82834468937875753908883780241012573242187500000000000000000000000000000000000000e+04
1.83233667334669335104990750551223754882812500000000000000000000000000000000000000e+04
1.83632865731462916301097720861434936523437500000000000000000000000000000000000000e+04
1.84032064128256497497204691171646118164062500000000000000000000000000000000000000e+04
1.84431262525050078693311661481857299804687500000000000000000000000000000000000000e+04
1.84830460921843696269206702709197998046875000000000000000000000000000000000000000e+04
1.85229659318637277465313673019409179687500000000000000000000000000000000000000000e+04
1.85628857715430858661420643329620361328125000000000000000000000000000000000000000e+04
1.86028056112224439857527613639831542968750000000000000000000000000000000000000000e+04
1.86427254509018021053634583950042724609375000000000000000000000000000000000000000e+04
1.86826452905811602249741554260253906250000000000000000000000000000000000000000000e+04
1.87225651302605219825636595487594604492187500000000000000000000000000000000000000e+04
1.87624849699398801021743565797805786132812500000000000000000000000000000000000000e+04
1.88024048096192382217850536108016967773437500000000000000000000000000000000000000e+04
1.88423246492985963413957506418228149414062500000000000000000000000000000000000000e+04
1.88822444889779544610064476728439331054687500000000000000000000000000000000000000e+04
1.89221643286573125806171447038650512695312500000000000000000000000000000000000000e+04
1.89620841683366743382066488265991210937500000000000000000000000000000000000000000e+04
1.90020040080160324578173458576202392578125000000000000000000000000000000000000000e+04
1.90419238476953905774280428886413574218750000000000000000000000000000000000000000e+04
1.90818436873747486970387399196624755859375000000000000000000000000000000000000000e+04
1.91217635270541068166494369506835937500000000000000000000000000000000000000000000e+04
1.91616833667334649362601339817047119140625000000000000000000000000000000000000000e+04
1.92016032064128266938496381044387817382812500000000000000000000000000000000000000e+04
1.92415230460921848134603351354598999023437500000000000000000000000000000000000000e+04
1.92814428857715429330710321664810180664062500000000000000000000000000000000000000e+04
1.93213627254509010526817291975021362304687500000000000000000000000000000000000000e+04
1.93612825651302591722924262285232543945312500000000000000000000000000000000000000e+04
1.94012024048096172919031232595443725585937500000000000000000000000000000000000000e+04
1.94411222444889790494926273822784423828125000000000000000000000000000000000000000e+04
1.94810420841683371691033244132995605468750000000000000000000000000000000000000000e+04
1.95209619238476952887140214443206787109375000000000000000000000000000000000000000e+04
1.95608817635270534083247184753417968750000000000000000000000000000000000000000000e+04
1.96008016032064115279354155063629150390625000000000000000000000000000000000000000e+04
1.96407214428857696475461125373840332031250000000000000000000000000000000000000000e+04
1.96806412825651314051356166601181030273437500000000000000000000000000000000000000e+04
1.97205611222444895247463136911392211914062500000000000000000000000000000000000000e+04
1.97604809619238476443570107221603393554687500000000000000000000000000000000000000e+04
1.98004008016032057639677077531814575195312500000000000000000000000000000000000000e+04
1.98403206412825638835784047842025756835937500000000000000000000000000000000000000e+04
1.98802404809619220031891018152236938476562500000000000000000000000000000000000000e+04
1.99201603206412837607786059379577636718750000000000000000000000000000000000000000e+04
1.99600801603206418803893029689788818359375000000000000000000000000000000000000000e+04
2.00000000000000000000000000000000000000000000000000000000000000000000000000000000e+04
