8.00000000000000000000000000000000000000000000000000000000000000000000000000000000e+01
3.96190476190476204010337824001908302307128906250000000000000000000000000000000000e+02
7.12380952380952408020675648003816604614257812500000000000000000000000000000000000e+02
1.02857142857142866887443233281373977661132812500000000000000000000000000000000000e+03
1.34476190476190481604135129600763320922851562500000000000000000000000000000000000e+03
1.66095238095238096320827025920152664184570312500000000000000000000000000000000000e+03
1.97714285714285733774886466562747955322265625000000000000000000000000000000000000e+03
2.29333333333333348491578362882137298583984375000000000000000000000000000000000000e+03
2.60952380952380963208270259201526641845703125000000000000000000000000000000000000e+03
2.92571428571428577924962155520915985107421875000000000000000000000000000000000000e+03
3.24190476190476192641654051840305328369140625000000000000000000000000000000000000e+03
3.55809523809523807358345948159694671630859375000000000000000000000000000000000000e+03
3.87428571428571467549772933125495910644531250000000000000000000000000000000000000e+03
4.19047619047619082266464829444885253906250000000000000000000000000000000000000000e+03
4.50666666666666696983156725764274597167968750000000000000000000000000000000000000e+03
4.82285714285714311699848622083663940429687500000000000000000000000000000000000000e+03
5.13904761904761926416540518403053283691406250000000000000000000000000000000000000e+03
5.45523809523809541133232414722442626953125000000000000000000000000000000000000000e+03
5.77142857142857155849924311041831970214843750000000000000000000000000000000000000e+03
6.08761904761904770566616207361221313476562500000000000000000000000000000000000000e+03
6.40380952380952385283308103680610656738281250000000000000000000000000000000000000e+03
6.72000000000000000000000000000000000000000000000000000000000000000000000000000000e+03
7.03619047619047614716691896319389343261718750000000000000000000000000000000000000e+03
7.35238095238095229433383792638778686523437500000000000000000000000000000000000000e+03
7.66857142857142935099545866250991821289062500000000000000000000000000000000000000e+03
7.98476190476190549816237762570381164550781250000000000000000000000000000000000000e+03
8.30095238095238164532929658889770507812500000000000000000000000000000000000000000e+03
8.61714285714285688300151377916336059570312500000000000000000000000000000000000000e+03
8.93333333333333393966313451528549194335937500000000000000000000000000000000000000e+03
9.24952380952380917733535170555114746093750000000000000000000000000000000000000000e+03
9.56571428571428623399697244167327880859375000000000000000000000000000000000000000e+03
9.88190476190476147166918963193893432617187500000000000000000000000000000000000000e+03
1.01980952380952385283308103680610656738281250000000000000000000000000000000000000e+04
1.05142857142857155849924311041831970214843750000000000000000000000000000000000000e+04
1.08304761904761908226646482944488525390625000000000000000000000000000000000000000e+04
1.11466666666666678793262690305709838867187500000000000000000000000000000000000000e+04
1.14628571428571431169984862208366394042968750000000000000000000000000000000000000e+04
1.17790476190476201736601069569587707519531250000000000000000000000000000000000000e+04
1.20952380952380954113323241472244262695312500000000000000000000000000000000000000e+04
1.24114285714285724679939448833465576171875000000000000000000000000000000000000000e+04
1.27276190476190477056661620736122131347656250000000000000000000000000000000000000e+04
1.30438095238095247623277828097343444824218750000000000000000000000000000000000000e+04
1.33600000000000000000000000000000000000000000000000000000000000000000000000000000e+04
1.36761904761904770566616207361221313476562500000000000000000000000000000000000000e+04
1.39923809523809522943338379263877868652343750000000000000000000000000000000000000e+04
1.43085714285714293509954586625099182128906250000000000000000000000000000000000000e+04
1.46247619047619045886676758527755737304687500000000000000000000000000000000000000e+04
1.49409523809523816453292965888977050781250000000000000000000000000000000000000000e+04
1.52571428571428587019909173250198364257812500000000000000000000000000000000000000e+04
1.55733333333333339396631345152854919433593750000000000000000000000000000000000000e+04
1.58895238095238109963247552514076232910156250000000000000000000000000000000000000e+04
1.62057142857142862339969724416732788085937500000000000000000000000000000000000000e+04
1.65219047619047632906585931777954101562500000000000000000000000000000000000000000e+04
1.68380952380952403473202139139175415039062500000000000000000000000000000000000000e+04
1.71542857142857137660030275583267211914062500000000000000000000000000000000000000e+04
1.74704761904761908226646482944488525390625000000000000000000000000000000000000000e+04
1.77866666666666678793262690305709838867187500000000000000000000000000000000000000e+04
1.81028571428571449359878897666931152343750000000000000000000000000000000000000000e+04
1.84190476190476183546707034111022949218750000000000000000000000000000000000000000e+04
1.87352380952380954113323241472244262695312500000000000000000000000000000000000000e+04
1.90514285714285724679939448833465576171875000000000000000000000000000000000000000e+04
1.93676190476190495246555656194686889648437500000000000000000000000000000000000000e+04
1.96838095238095229433383792638778686523437500000000000000000000000000000000000000e+04
2.00000000000000000000000000000000000000000000000000000000000000000000000000000000e+04
