-1.62609450936357688988209702074527740478515625000000000000000000000000000000000000e+01
-3.73578342385138828518620357499457895755767822265625000000000000000000000000000000e+00
-2.55819760675933505211787633015774190425872802734375000000000000000000000000000000e+00
-2.24051107904863400221984193194657564163208007812500000000000000000000000000000000e+00
-1.38944352080925703774028079351410269737243652343750000000000000000000000000000000e+00
-5.01604301755706361021225347940344363451004028320312500000000000000000000000000000e-01
9.79515254007177094131009198463289067149162292480468750000000000000000000000000000e-01
1.78376123698140331974570926831802353262901306152343750000000000000000000000000000e+00
3.48850087637254402395114993851166218519210815429687500000000000000000000000000000e+00
4.50708353692858132433229911839589476585388183593750000000000000000000000000000000e+00
4.12574826343042744269951072055846452713012695312500000000000000000000000000000000e+00
3.25274006119598535491377333528362214565277099609375000000000000000000000000000000e+00
1.58098392540143306561617464467417448759078979492187500000000000000000000000000000e+00
-5.99924469048552122529827101971022784709930419921875000000000000000000000000000000e-01
-3.13635730411292801278477782034315168857574462890625000000000000000000000000000000e+00
-4.79222707090252608708169645979069173336029052734375000000000000000000000000000000e+00
-6.73400827174428240340375850792042911052703857421875000000000000000000000000000000e+00
-8.11147079868950804382166097639128565788269042968750000000000000000000000000000000e+00
-9.30927279181473998903584288200363516807556152343750000000000000000000000000000000e+00
-1.07150312103787577200364466989412903785705566406250000000000000000000000000000000e+01
-1.15188943229355800212942995131015777587890625000000000000000000000000000000000000e+01
-1.25431328022692518686653784243389964103698730468750000000000000000000000000000000e+01
-1.41024563967164660027719946810975670814514160156250000000000000000000000000000000e+01
-1.49390035313386739801444491604343056678771972656250000000000000000000000000000000e+01
-1.61344778445350591766782599734142422676086425781250000000000000000000000000000000e+01
-1.68161196291168302252572175348177552223205566406250000000000000000000000000000000e+01
-1.76734428248919925863447133451700210571289062500000000000000000000000000000000000e+01
-1.84195329967384608949032553937286138534545898437500000000000000000000000000000000e+01
-1.93536445526559894858564803143963217735290527343750000000000000000000000000000000e+01
-2.04823151513902246279030805453658103942871093750000000000000000000000000000000000e+01
-2.15193678044761682599528285209089517593383789062500000000000000000000000000000000e+01
-2.27648156668971495264486293308436870574951171875000000000000000000000000000000000e+01
-2.39329852479760063488356536254286766052246093750000000000000000000000000000000000e+01
-2.55197023392344775061246764380484819412231445312500000000000000000000000000000000e+01
-2.68491656957333866273529565660282969474792480468750000000000000000000000000000000e+01
-2.89059771833401484286696359049528837203979492187500000000000000000000000000000000e+01
-3.07218596027442316653832676820456981658935546875000000000000000000000000000000000e+01
-3.27936246580254149307620537001639604568481445312500000000000000000000000000000000e+01
-3.49347347940232140217631240375339984893798828125000000000000000000000000000000000e+01
-3.72518651318743323486160079482942819595336914062500000000000000000000000000000000e+01
-3.99495904860910826528197503648698329925537109375000000000000000000000000000000000e+01
-4.26467911997068540586042217910289764404296875000000000000000000000000000000000000e+01
-4.57438402865066038316399499308317899703979492187500000000000000000000000000000000e+01
-4.87624468713470093916839687153697013854980468750000000000000000000000000000000000e+01
-5.21034684211587020286060578655451536178588867187500000000000000000000000000000000e+01
-5.59726917605044604897557292133569717407226562500000000000000000000000000000000000e+01
-5.98925516166004854312632232904434204101562500000000000000000000000000000000000000e+01
-6.38740054395528034092421876266598701477050781250000000000000000000000000000000000e+01
-6.82212207442466933571267873048782348632812500000000000000000000000000000000000000e+01
-7.29456374708943968698804383166134357452392578125000000000000000000000000000000000e+01
-7.76683116117102656517090508714318275451660156250000000000000000000000000000000000e+01
-8.32800713515701573896876652725040912628173828125000000000000000000000000000000000e+01
-8.90118294708310031637665815651416778564453125000000000000000000000000000000000000e+01
-9.46806770087550972903045476414263248443603515625000000000000000000000000000000000e+01
-1.00982851936207609355733438860625028610229492187500000000000000000000000000000000e+02
-1.07638270336483401479199528694152832031250000000000000000000000000000000000000000e+02
-1.14562401343278949639170605223625898361206054687500000000000000000000000000000000e+02
-1.21768610834959403632637986447662115097045898437500000000000000000000000000000000e+02
-1.29661130134384563916682964190840721130371093750000000000000000000000000000000000e+02
-1.37570212213654457400480168871581554412841796875000000000000000000000000000000000e+02
-1.46291194153218242490765987895429134368896484375000000000000000000000000000000000e+02
-1.55252465854862037986094946973025798797607421875000000000000000000000000000000000e+02
-1.64663907508150401781676919199526309967041015625000000000000000000000000000000000e+02
-1.74637983309950755028694402426481246948242187500000000000000000000000000000000000e+02
