-1.61632888436357688988209702074527740478515625000000000000000000000000000000000000e+01
-1.03238849631582247923233808251097798347473144531250000000000000000000000000000000e+01
-7.41457100976106708856150362407788634300231933593750000000000000000000000000000000e+00
-5.90796182685516413357618148438632488250732421875000000000000000000000000000000000e+00
-5.38349085978338415259258908918127417564392089843750000000000000000000000000000000e+00
-4.83769434738657544414763833628967404365539550781250000000000000000000000000000000e+00
-4.30003757300439559685401036404073238372802734375000000000000000000000000000000000e+00
-3.96848478426350759207252849591895937919616699218750000000000000000000000000000000e+00
-3.68683441155866997718248967430554330348968505859375000000000000000000000000000000e+00
-3.12396183339528921152350449119694530963897705078125000000000000000000000000000000e+00
-3.13277523410179448148937808582559227943420410156250000000000000000000000000000000e+00
-2.91365581626697522921176641830243170261383056640625000000000000000000000000000000e+00
-3.03916339435257398804424155969172716140747070312500000000000000000000000000000000e+00
-2.42508172232694096948080186848528683185577392578125000000000000000000000000000000e+00
-2.72392657309163244150340688065625727176666259765625000000000000000000000000000000e+00
-2.46489877086886366441831341944634914398193359375000000000000000000000000000000000e+00
-2.71749249777544665818140856572426855564117431640625000000000000000000000000000000e+00
-2.89196178317519692058112923405133187770843505859375000000000000000000000000000000e+00
-2.69222255329666726453297087573446333408355712890625000000000000000000000000000000e+00
-2.40866039946904919588632765226066112518310546875000000000000000000000000000000000e+00
-2.13676235752812759827179434068966656923294067382812500000000000000000000000000000e+00
-2.16765378763037563913940175552852451801300048828125000000000000000000000000000000e+00
-2.10912557925413857162766362307593226432800292968750000000000000000000000000000000e+00
-1.76448957963959784933649643789976835250854492187500000000000000000000000000000000e+00
-2.01144565855288659506072690419387072324752807617187500000000000000000000000000000e+00
-1.97002000912133956589400440861936658620834350585937500000000000000000000000000000e+00
-1.93222884646327397462073349743150174617767333984375000000000000000000000000000000e+00
-2.19018472998235980142567314032930880784988403320312500000000000000000000000000000e+00
-1.66889438267064527110505878226831555366516113281250000000000000000000000000000000e+00
-1.83249716435700538141873039421625435352325439453125000000000000000000000000000000e+00
-1.60613106047064446713079632900189608335494995117187500000000000000000000000000000e+00
-1.28217569702644729190410544106271117925643920898437500000000000000000000000000000e+00
-1.64134075217743014007965030032210052013397216796875000000000000000000000000000000e+00
-1.51125571587694818020963793969713151454925537109375000000000000000000000000000000e+00
-1.37974825969287651084016488312045112252235412597656250000000000000000000000000000e+00
-1.14874852410908201427730546129168942570686340332031250000000000000000000000000000e+00
-8.17881664678077546781764795014169067144393920898437500000000000000000000000000000e-01
-7.77436024016970650407643006474245339632034301757812500000000000000000000000000000e-01
-8.31800565973017436149916647991631180047988891601562500000000000000000000000000000e-01
-8.83058972893145721627661259844899177551269531250000000000000000000000000000000000e-01
-4.42709067995351146507232442672830075025558471679687500000000000000000000000000000e-01
-4.87132483260460436014227525447495281696319580078125000000000000000000000000000000e-01
-1.37283249736770307514177602570271119475364685058593750000000000000000000000000000e-01
2.09985077780822093629353730648290365934371948242187500000000000000000000000000000e-02
1.83079085613895742312706715893000364303588867187500000000000000000000000000000000e-01
2.51311236128727966132601068238727748394012451171875000000000000000000000000000000e-01
5.18626779982830132809112910763360559940338134765625000000000000000000000000000000e-01
7.89629350151656028700131173536647111177444458007812500000000000000000000000000000e-01
6.73562319016985822095477942639263346791267395019531250000000000000000000000000000e-01
7.56183206664347684622384804242756217718124389648437500000000000000000000000000000e-01
9.39607115012006111065545610472327098250389099121093750000000000000000000000000000e-01
1.41886922852163843700168399664107710123062133789062500000000000000000000000000000e+00
1.41239391793895707749584289558697491884231567382812500000000000000000000000000000e+00
1.89637047875274467045869641879107803106307983398437500000000000000000000000000000e+00
1.89381678083401561174525795649969950318336486816406250000000000000000000000000000e+00
2.18551835003414751668060489464551210403442382812500000000000000000000000000000000e+00
2.18503039641250573765773879131302237510681152343750000000000000000000000000000000e+00
2.28243029727799395800502679776400327682495117187500000000000000000000000000000000e+00
2.77010178642959070671736299118492752313613891601562500000000000000000000000000000e+00
2.67086334394693647453777884948067367076873779296875000000000000000000000000000000e+00
3.15594077370504155766184339881874620914459228515625000000000000000000000000000000e+00
3.15044019856927981493299739668145775794982910156250000000000000000000000000000000e+00
3.33725894607883510900592227699235081672668457031250000000000000000000000000000000e+00
3.52037179046456483177962581976316869258880615234375000000000000000000000000000000e+00
3.60139876019144944407912589667830616235733032226562500000000000000000000000000000e+00
3.87257946398585151115412372746504843235015869140625000000000000000000000000000000e+00
3.94256013262218818482551796478219330310821533203125000000000000000000000000000000e+00
4.00593081871534373306076304288581013679504394531250000000000000000000000000000000e+00
3.96432519249892978407956434239167720079421997070312500000000000000000000000000000e+00
4.30533286816015525744205660885199904441833496093750000000000000000000000000000000e+00
4.05172419283127371869568378315307199954986572265625000000000000000000000000000000e+00
4.17942492887134253720660126418806612491607666015625000000000000000000000000000000e+00
4.49252200965998582660176907666027545928955078125000000000000000000000000000000000e+00
4.59983154979734454315121183753944933414459228515625000000000000000000000000000000e+00
4.30552904237194233871832693694159388542175292968750000000000000000000000000000000e+00
4.29274792881131439514774683630093932151794433593750000000000000000000000000000000e+00
4.56108398073757292934260476613417267799377441406250000000000000000000000000000000e+00
4.52425543816081354719926821417175233364105224609375000000000000000000000000000000e+00
4.37729385418566430132614186732098460197448730468750000000000000000000000000000000e+00
4.41295310309065413889584306161850690841674804687500000000000000000000000000000000e+00
4.24046151605919696692126308334991335868835449218750000000000000000000000000000000e+00
4.15271086687278412341584044042974710464477539062500000000000000000000000000000000e+00
4.05203843838684552025597440660931169986724853515625000000000000000000000000000000e+00
3.64553965945293612094246782362461090087890625000000000000000000000000000000000000e+00
3.71459881097623245693739590933546423912048339843750000000000000000000000000000000e+00
3.77113780884922711322815302992239594459533691406250000000000000000000000000000000e+00
3.71777058042572861040753195993602275848388671875000000000000000000000000000000000e+00
3.16420680984034063953913573641330003738403320312500000000000000000000000000000000e+00
3.08740508569102711788900705869309604167938232421875000000000000000000000000000000e+00
3.19485049224765393915959066362120211124420166015625000000000000000000000000000000e+00
2.60814419230169480812264737323857843875885009765625000000000000000000000000000000e+00
2.40206130591944688745797975570894777774810791015625000000000000000000000000000000e+00
2.28423339460793783928238553926348686218261718750000000000000000000000000000000000e+00
1.86467436467203206973408669000491499900817871093750000000000000000000000000000000e+00
1.82764985677577218581291162990964949131011962890625000000000000000000000000000000e+00
1.29495269088378250899040722288191318511962890625000000000000000000000000000000000e+00
1.24386568683373699428784675546921789646148681640625000000000000000000000000000000e+00
8.93874430783322182492156571242958307266235351562500000000000000000000000000000000e-01
9.29317556710151038146250357385724782943725585937500000000000000000000000000000000e-01
3.74380860065111065182463789824396371841430664062500000000000000000000000000000000e-01
1.10603076512223452709804405458271503448486328125000000000000000000000000000000000e-02
3.54065038997357639516394556267186999320983886718750000000000000000000000000000000e-02
-8.21386830964408787281172408256679773330688476562500000000000000000000000000000000e-01
-7.03144070730305603689203053363598883152008056640625000000000000000000000000000000e-01
-9.76368536760743754854274811805225908756256103515625000000000000000000000000000000e-01
-1.34743420744024300361729729047510772943496704101562500000000000000000000000000000e+00
-1.52274575232347775255448141251690685749053955078125000000000000000000000000000000e+00
-1.98999186666460037287151862983591854572296142578125000000000000000000000000000000e+00
-2.06502313894591082998886122368276119232177734375000000000000000000000000000000000e+00
-2.43091694091223553542135960015002638101577758789062500000000000000000000000000000e+00
-2.50126058634257608659368088410701602697372436523437500000000000000000000000000000e+00
-3.05687151124726153028632325003854930400848388671875000000000000000000000000000000e+00
-3.41376698427290437010128698602784425020217895507812500000000000000000000000000000e+00
-3.57160211174529429456470097647979855537414550781250000000000000000000000000000000e+00
-3.92070115691076059860620262043084949254989624023437500000000000000000000000000000e+00
-3.87486969749276566332696347672026604413986206054687500000000000000000000000000000e+00
-4.41045639961840141296534056891687214374542236328125000000000000000000000000000000e+00
-4.74603943945952622129880182910710573196411132812500000000000000000000000000000000e+00
-4.88148760655986446721499305567704141139984130859375000000000000000000000000000000e+00
-4.91436487477918770849782958975993096828460693359375000000000000000000000000000000e+00
-5.62586597808911736962045324617065489292144775390625000000000000000000000000000000e+00
-5.16050177912287999504314939258620142936706542968750000000000000000000000000000000e+00
-5.86203446844527942261038333526812493801116943359375000000000000000000000000000000e+00
-5.87503763200966400148672619252465665340423583984375000000000000000000000000000000e+00
-6.17614372325388938378409875440411269664764404296875000000000000000000000000000000e+00
-6.37482272481117817619633569847792387008666992187500000000000000000000000000000000e+00
-6.37353578293290290446293511195108294486999511718750000000000000000000000000000000e+00
-6.66070134550054770983251728466711938381195068359375000000000000000000000000000000e+00
-6.84584883200604465969263401348143815994262695312500000000000000000000000000000000e+00
-7.31977236116694829348716666572727262973785400390625000000000000000000000000000000e+00
-7.30140330897750544636437552981078624725341796875000000000000000000000000000000000e+00
-7.37687046703815951786964433267712593078613281250000000000000000000000000000000000e+00
-7.44871656801108983358972182031720876693725585937500000000000000000000000000000000e+00
-7.61480244207031020664544485043734312057495117187500000000000000000000000000000000e+00
-8.07064881529886868349876749562099575996398925781250000000000000000000000000000000e+00
-8.03521575817508448835724266245961189270019531250000000000000000000000000000000000e+00
-8.48527603962087439981587522197514772415161132812500000000000000000000000000000000e+00
-8.34681988958815068713192886207252740859985351562500000000000000000000000000000000e+00
-8.59661617085889240286178392125293612480163574218750000000000000000000000000000000e+00
-8.94189870864893343593848840100690722465515136718750000000000000000000000000000000e+00
-8.89458402474770970513873180607333779335021972656250000000000000000000000000000000e+00
-9.04080172130368708849346148781478404998779296875000000000000000000000000000000000e+00
-9.38073750798013605844971607439219951629638671875000000000000000000000000000000000e+00
-9.23097636505644736359954549698159098625183105468750000000000000000000000000000000e+00
-9.66590833412986150108281435677781701087951660156250000000000000000000000000000000e+00
-9.31850942737203169485837861429899930953979492187500000000000000000000000000000000e+00
-9.75143514580131309799071459565311670303344726562500000000000000000000000000000000e+00
-1.00859265967304967404061244451440870761871337890625000000000000000000000000000000e+01
-1.01268104504239904173346076277084648609161376953125000000000000000000000000000000e+01
-1.02648427260303023444976133760064840316772460937500000000000000000000000000000000e+01
-1.02071776470263522185177862411364912986755371093750000000000000000000000000000000e+01
-1.04422115567006734693222824716940522193908691406250000000000000000000000000000000e+01
-1.05794268845938006506912643089890480041503906250000000000000000000000000000000000e+01
-1.09118924052879560093742838944308459758758544921875000000000000000000000000000000e+01
-1.11467322814765257277258569956757128238677978515625000000000000000000000000000000e+01
-1.10887201338302041619954252382740378379821777343750000000000000000000000000000000e+01
-1.12262168807957571914357686182484030723571777343750000000000000000000000000000000e+01
-1.17546085921007659180759219452738761901855468750000000000000000000000000000000000e+01
-1.16974006003811119569490983849391341209411621093750000000000000000000000000000000e+01
-1.18359053659861679363984876545146107673645019531250000000000000000000000000000000e+01
-1.16818990906400781426555113284848630428314208984375000000000000000000000000000000e+01
-1.20166845762383758255964494310319423675537109375000000000000000000000000000000000e+01
-1.20590603256306927448804344749078154563903808593750000000000000000000000000000000e+01
-1.21020396327775934253168088616803288459777832031250000000000000000000000000000000e+01
-1.24386321601687335203223483404144644737243652343750000000000000000000000000000000e+01
-1.22876255018479234593087312532588839530944824218750000000000000000000000000000000e+01
-1.25279604808069766619382789940573275089263916015625000000000000000000000000000000e+01
-1.28667001798836739823173047625459730625152587890625000000000000000000000000000000e+01
-1.29132489556302214595007171737961471080780029296875000000000000000000000000000000e+01
-1.30582589349081565899268753128126263618469238281250000000000000000000000000000000e+01
-1.31064427442153164093952000257559120655059814453125000000000000000000000000000000e+01
-1.33507924719623538578616717131808400154113769531250000000000000000000000000000000e+01
-1.35960173640927024507618625648319721221923828125000000000000000000000000000000000e+01
-1.35491690035834579930451582185924053192138671875000000000000000000000000000000000e+01
-1.36985477244784199513105704681947827339172363281250000000000000000000000000000000e+01
-1.42394840111910170321607438381761312484741210937500000000000000000000000000000000e+01
-1.42930886338773870392060416634194552898406982421875000000000000000000000000000000e+01
-1.43476590207211369687456681276671588420867919921875000000000000000000000000000000e+01
-1.45008668679939773937803693115711212158203125000000000000000000000000000000000000e+01
-1.45574144887634133738174568861722946166992187500000000000000000000000000000000000e+01
-1.51032536511123591793648301973007619380950927734375000000000000000000000000000000e+01
-1.46735544067180789795656892238184809684753417968750000000000000000000000000000000e+01
-1.50261426606117023396791410050354897975921630859375000000000000000000000000000000e+01
-1.49891564829063543839993144501931965351104736328125000000000000000000000000000000e+01
-1.55391711632434272871705616125836968421936035156250000000000000000000000000000000e+01
-1.55043242586644378633309315773658454418182373046875000000000000000000000000000000e+01
-1.58611906355712353189346686122007668018341064453125000000000000000000000000000000e+01
-1.58285325063913653309555229498073458671569824218750000000000000000000000000000000e+01
-1.60899557115192379797008470632135868072509765625000000000000000000000000000000000e+01
-1.59618784970577856086038082139566540718078613281250000000000000000000000000000000e+01
-1.62255627888405058456555707380175590515136718750000000000000000000000000000000000e+01
-1.61974267131706817224312544567510485649108886718750000000000000000000000000000000e+01
-1.65610758646731177634592313552275300025939941406250000000000000000000000000000000e+01
-1.63399595716148482438256905879825353622436523437500000000000000000000000000000000e+01
-1.66083084090145156608286924893036484718322753906250000000000000000000000000000000e+01
-1.65848842098261357591582054737955331802368164062500000000000000000000000000000000e+01
-1.68556363244513214283415436511859297752380371093750000000000000000000000000000000e+01
-1.66393266288051577816986537072807550430297851562500000000000000000000000000000000e+01
-1.71078420311345134052771754795685410499572753906250000000000000000000000000000000e+01
-1.67963507277634676029265392571687698364257812500000000000000000000000000000000000e+01
-1.68767397079190253350589046021923422813415527343750000000000000000000000000000000e+01
-1.70560522577706379365736211184412240982055664062500000000000000000000000000000000e+01
-1.74319567137998490125028183683753013610839843750000000000000000000000000000000000e+01
-1.72232152156007956023131555411964654922485351562500000000000000000000000000000000e+01
-1.73087462081985634654301975388079881668090820312500000000000000000000000000000000e+01
-1.75909056939603338776123564457520842552185058593750000000000000000000000000000000e+01
-1.76790809841636971100342634599655866622924804687500000000000000000000000000000000e+01
-1.76709407002771072825453302357345819473266601562500000000000000000000000000000000e+01
-1.79571222749993779643773450516164302825927734375000000000000000000000000000000000e+01
-1.79517007030981297077687486307695508003234863281250000000000000000000000000000000e+01
-1.78500010420810113487277703825384378433227539062500000000000000000000000000000000e+01
-1.81403171627282020494931202847510576248168945312500000000000000000000000000000000e+01
-1.84320367495103099031439342070370912551879882812500000000000000000000000000000000e+01
-1.82368913009117861179220199119299650192260742187500000000000000000000000000000000e+01
-1.87267686296768864906425733352079987525939941406250000000000000000000000000000000e+01
-1.86321503629921991773699119221419095993041992187500000000000000000000000000000000e+01
-1.86366431926175053490624122787266969680786132812500000000000000000000000000000000e+01
-1.87402601249748279599316447274759411811828613281250000000000000000000000000000000e+01
-1.88453579812036018381604662863537669181823730468750000000000000000000000000000000e+01
-1.89519498971886726224056474165990948677062988281250000000000000000000000000000000e+01
-1.91577053235666738828513189218938350677490234375000000000000000000000000000000000e+01
-1.94626375257151522646381636150181293487548828125000000000000000000000000000000000e+01
-1.94761348337281461340353416744619607925415039062500000000000000000000000000000000e+01
-1.96864918923813156936830637278035283088684082031250000000000000000000000000000000e+01
-1.98007534110888343548140255734324455261230468750000000000000000000000000000000000e+01
-1.94283079138542120745114516466856002807617187500000000000000000000000000000000000e+01
-1.99363564892165143760394130367785692214965820312500000000000000000000000000000000e+01
-2.01530377901932880035928974393755197525024414062500000000000000000000000000000000e+01
-2.02736780342211950767250527860596776008605957031250000000000000000000000000000000e+01
-2.02006347530951373414609406609088182449340820312500000000000000000000000000000000e+01
-2.05198592929066343515387416118755936622619628906250000000000000000000000000000000e+01
-2.03524593139817397968727163970470428466796875000000000000000000000000000000000000e+01
-2.07726675408190928351359616499394178390502929687500000000000000000000000000000000e+01
-2.09015917620283318001384031958878040313720703125000000000000000000000000000000000e+01
-2.08369023302690372645429306430742144584655761718750000000000000000000000000000000e+01
-2.10668946621905242011507652932778000831604003906250000000000000000000000000000000e+01
-2.12009579883724725846150249708443880081176757812500000000000000000000000000000000e+01
-2.13367628532665847274074621964246034622192382812500000000000000000000000000000000e+01
-2.16696361151392906663204485084861516952514648437500000000000000000000000000000000e+01
-2.16136546960155868646324961446225643157958984375000000000000000000000000000000000e+01
-2.22430518316240082299373170826584100723266601562500000000000000000000000000000000e+01
-2.20929983213426872623585950350388884544372558593750000000000000000000000000000000e+01
-2.22377275281466921796891256235539913177490234375000000000000000000000000000000000e+01
-2.25795978785564059876378451008349657058715820312500000000000000000000000000000000e+01
-2.24350303625870921564455784391611814498901367187500000000000000000000000000000000e+01
-2.26829460336995936131643247790634632110595703125000000000000000000000000000000000e+01
-2.29327347587521614968864014372229576110839843750000000000000000000000000000000000e+01
-2.31844114679532609102352580521255731582641601562500000000000000000000000000000000e+01
-2.30473661548156272260712285060435533523559570312500000000000000000000000000000000e+01
-2.34005201261112176780443405732512474060058593750000000000000000000000000000000000e+01
-2.35602947518272145543960505165159702301025390625000000000000000000000000000000000e+01
-2.36243614651231084167193330358713865280151367187500000000000000000000000000000000e+01
-2.37880480122886446281427197391167283058166503906250000000000000000000000000000000e+01
-2.37584009527027752994854381540790200233459472656250000000000000000000000000000000e+01
-2.41213731587935420463963964721187949180603027343750000000000000000000000000000000e+01
-2.42910425659988433721991896163672208786010742187500000000000000000000000000000000e+01
-2.46580496727280831237294478341937065124511718750000000000000000000000000000000000e+01
-2.49294412903246751511687762103974819183349609375000000000000000000000000000000000e+01
-2.51052330430294006191616063006222248077392578125000000000000000000000000000000000e+01
-2.50877843679445433622277050744742155075073242187500000000000000000000000000000000e+01
-2.52677360149988601278892019763588905334472656250000000000000000000000000000000000e+01
-2.54497912969133146532385580940172076225280761718750000000000000000000000000000000e+01
-2.55363098391675080733875802252441644668579101562500000000000000000000000000000000e+01
-2.59179325799669300067762378603219985961914062500000000000000000000000000000000000e+01
-2.61063942702108846560804522596299648284912109375000000000000000000000000000000000e+01
-2.61993672234610599502957484219223260879516601562500000000000000000000000000000000e+01
-2.65874925659109209163943887688219547271728515625000000000000000000000000000000000e+01
-2.65871927363555826673291448969393968582153320312500000000000000000000000000000000e+01
-2.66867652361624436707643326371908187866210937500000000000000000000000000000000000e+01
-2.72768513792424585062690312042832374572753906250000000000000000000000000000000000e+01
-2.72832487920219577404168376233428716659545898437500000000000000000000000000000000e+01
-2.74872239134150930794930900447070598602294921875000000000000000000000000000000000e+01
-2.76934807447968864835274871438741683959960937500000000000000000000000000000000000e+01
-2.79020358499768335036606003995984792709350585937500000000000000000000000000000000e+01
-2.81129058551730253157074912451207637786865234375000000000000000000000000000000000e+01
-2.83261074489868960313287971075624227523803710937500000000000000000000000000000000e+01
-2.87369698823784176511253463104367256164550781250000000000000000000000000000000000e+01
-2.86619162186418421356393082533031702041625976562500000000000000000000000000000000e+01
-2.89798695833819550671250908635556697845458984375000000000000000000000000000000000e+01
-2.93002219144908195858079125173389911651611328125000000000000000000000000000000000e+01
-2.94276777121249395463564724195748567581176757812500000000000000000000000000000000e+01
-2.96552227886830053193989442661404609680175781250000000000000000000000000000000000e+01
-2.98852180187839948644068499561399221420288085937500000000000000000000000000000000e+01
-3.01176805892457402080708561697974801063537597656250000000000000000000000000000000e+01
-3.03526277490639841971642454154789447784423828125000000000000000000000000000000000e+01
-3.07853893093918031809153035283088684082031250000000000000000000000000000000000000e+01
-3.09277013935194062810296600218862295150756835937500000000000000000000000000000000e+01
-3.10725501868545173067559517221525311470031738281250000000000000000000000000000000e+01
-3.15129219369029023312123172217980027198791503906250000000000000000000000000000000e+01
-3.17605529532494905708972510183230042457580566406250000000000000000000000000000000e+01
-3.18154608575397297443032584851607680320739746093750000000000000000000000000000000e+01
-3.20682883334614245995908277109265327453613281250000000000000000000000000000000000e+01
-3.23237406267268596593567053787410259246826171875000000000000000000000000000000000e+01
-3.26794917950552559204879798926413059234619140625000000000000000000000000000000000e+01
-3.30379034581556823013670509681105613708496093750000000000000000000000000000000000e+01
-3.33989935477101980154657212551683187484741210937500000000000000000000000000000000e+01
-3.34698113073572898201746284030377864837646484375000000000000000000000000000000000e+01
-3.38363122926757853292656363919377326965332031250000000000000000000000000000000000e+01
-3.42055458711689652773202396929264068603515625000000000000000000000000000000000000e+01
-3.44798739722489528958249138668179512023925781250000000000000000000000000000000000e+01
-3.46593148372215011931984918192028999328613281250000000000000000000000000000000000e+01
-3.50368555192710147139223408885300159454345703125000000000000000000000000000000000e+01
-3.51242331334458413039101287722587585449218750000000000000000000000000000000000000e+01
-3.54097473566438907255360390990972518920898437500000000000000000000000000000000000e+01
-3.57957604275985303843299334403127431869506835937500000000000000000000000000000000e+01
-3.64776033968646373750743805430829524993896484375000000000000000000000000000000000e+01
-3.66740448768050839589704992249608039855957031250000000000000000000000000000000000e+01
-3.70686972915773509384962380863726139068603515625000000000000000000000000000000000e+01
-3.71732981271204181439316016621887683868408203125000000000000000000000000000000000e+01
-3.73784911811419391369781806133687496185302734375000000000000000000000000000000000e+01
-3.75866390631056148663446947466582059860229492187500000000000000000000000000000000e+01
-3.78954169442187804861532640643417835235595703125000000000000000000000000000000000e+01
-3.82071875574203261294314870610833168029785156250000000000000000000000000000000000e+01
-3.83266574473687029467328102327883243560791015625000000000000000000000000000000000e+01
-3.89374394704302346781332744285464286804199218750000000000000000000000000000000000e+01
-3.91606465446676423880489892326295375823974609375000000000000000000000000000000000e+01
-3.97775478998287468357375473715364933013916015625000000000000000000000000000000000e+01
-4.00069128273353413760560215450823307037353515625000000000000000000000000000000000e+01
-4.04346981802724201315868413075804710388183593750000000000000000000000000000000000e+01
-4.06702983733773990593363123480230569839477539062500000000000000000000000000000000e+01
-4.08113891330296425508095126133412122726440429687500000000000000000000000000000000e+01
-4.12486149972402031949059164617210626602172851562500000000000000000000000000000000e+01
-4.14937143156416965439348132349550724029541015625000000000000000000000000000000000e+01
-4.22303004994783037773231626488268375396728515625000000000000000000000000000000000e+01
-4.24818307715960798986998270265758037567138671875000000000000000000000000000000000e+01
-4.28342624164333685143901675473898649215698242187500000000000000000000000000000000e+01
-4.31899590300113089824662893079221248626708984375000000000000000000000000000000000e+01
-4.35489405199246846223104512318968772888183593750000000000000000000000000000000000e+01
-4.38135706053327709241784759797155857086181640625000000000000000000000000000000000e+01
-4.41791818169504111324386030901223421096801757812500000000000000000000000000000000e+01
-4.43528254970392836753489973489195108413696289062500000000000000000000000000000000e+01
-4.51157717993992406491088331677019596099853515625000000000000000000000000000000000e+01
-4.52961659393598381484480341896414756774902343750000000000000000000000000000000000e+01
-4.56752781937720371274735953193157911300659179687500000000000000000000000000000000e+01
-4.60578164010000392636356991715729236602783203125000000000000000000000000000000000e+01
-4.64438009609131583488306205254048109054565429687500000000000000000000000000000000e+01
-4.68332523348780398464441532269120216369628906250000000000000000000000000000000000e+01
-4.71285347957508307104035338852554559707641601562500000000000000000000000000000000e+01
-4.75249814278694913127765175886452198028564453125000000000000000000000000000000000e+01
-4.80226128770464555373109760694205760955810546875000000000000000000000000000000000e+01
-4.86214498505611132372905558440834283828735351562500000000000000000000000000000000e+01
-4.93215131171525342779204947873950004577636718750000000000000000000000000000000000e+01
-4.93415735070124767958077427465468645095825195312500000000000000000000000000000000e+01
-4.96582144117783172987401485443115234375000000000000000000000000000000000000000000e+01
-5.03691130345260518197392229922115802764892578125000000000000000000000000000000000e+01
-5.08883528897637233967543579638004302978515625000000000000000000000000000000000000e+01
-5.09229863034245937569721718318760395050048828125000000000000000000000000000000000e+01
-5.14495969128606489562116621527820825576782226562500000000000000000000000000000000e+01
-5.20775809168361618617382191587239503860473632812500000000000000000000000000000000e+01
-5.23186783255213399002059304621070623397827148437500000000000000000000000000000000e+01
-5.29541604604861220195743953809142112731933593750000000000000000000000000000000000e+01
-5.35934237046939827564528968650847673416137695312500000000000000000000000000000000e+01
-5.38458645024960063096841622609645128250122070312500000000000000000000000000000000e+01
-5.41021293596248042945262568537145853042602539062500000000000000000000000000000000e+01
-5.46552085931888385061938606668263673782348632812500000000000000000000000000000000e+01
-5.52121550816665802585703204385936260223388671875000000000000000000000000000000000e+01
-5.56753342649009326237319328356534242630004882812500000000000000000000000000000000e+01
-5.61424241440935603009165788535028696060180664062500000000000000000000000000000000e+01
-5.65157902817995605460055230651050806045532226562500000000000000000000000000000000e+01
-5.69907670519220062033127760514616966247558593750000000000000000000000000000000000e+01
-5.77626888897066734784857544582337141036987304687500000000000000000000000000000000e+01
-5.78550152917368194493974442593753337860107421875000000000000000000000000000000000e+01
-5.84396433159281158964404312428086996078491210937500000000000000000000000000000000e+01
-5.90283138315234623405558522790670394897460937500000000000000000000000000000000000e+01
-5.94257365190881969851943722460418939590454101562500000000000000000000000000000000e+01
-5.98272461205051513388752937316894531250000000000000000000000000000000000000000000e+01
-6.06234899389697332594550971407443284988403320312500000000000000000000000000000000e+01
-6.07402715889853723751912184525281190872192382812500000000000000000000000000000000e+01
-6.15448009963587594484124565497040748596191406250000000000000000000000000000000000e+01
-6.20605381481952065314544597640633583068847656250000000000000000000000000000000000e+01
-6.24828180928943268668263044673949480056762695312500000000000000000000000000000000e+01
-6.30069759401454163594280544202774763107299804687500000000000000000000000000000000e+01
-6.38283468609230624224437633529305458068847656250000000000000000000000000000000000e+01
-6.43610160874829944077646359801292419433593750000000000000000000000000000000000000e+01
-6.48979751633577706115829641930758953094482421875000000000000000000000000000000000e+01
-6.52439344433524865962681360542774200439453125000000000000000000000000000000000000e+01
-6.56918855935408458890378824435174465179443359375000000000000000000000000000000000e+01
-6.64371640912610530449455836787819862365722656250000000000000000000000000000000000e+01
-6.70891679751116782881581457331776618957519531250000000000000000000000000000000000e+01
-6.75502640949480053222941933199763298034667968750000000000000000000000000000000000e+01
-6.77228193618779528151208069175481796264648437500000000000000000000000000000000000e+01
-6.85834194982583511546181398443877696990966796875000000000000000000000000000000000e+01
-6.93508377876911481507704593241214752197265625000000000000000000000000000000000000e+01
-6.97321288250197852676137699745595455169677734375000000000000000000000000000000000e+01
-7.05085660163254601684457156807184219360351562500000000000000000000000000000000000e+01
-7.09965790789236166347109246999025344848632812500000000000000000000000000000000000e+01
-7.17821290413604913283052155748009681701660156250000000000000000000000000000000000e+01
-7.19863332434093621259307838045060634613037109375000000000000000000000000000000000e+01
-7.32693715860674643636230030097067356109619140625000000000000000000000000000000000e+01
-7.34828302815524239122169092297554016113281250000000000000000000000000000000000000e+01
-7.38962643532988465722155524417757987976074218750000000000000000000000000000000000e+01
-7.46073538859553195834450889378786087036132812500000000000000000000000000000000000e+01
-7.55184665253809868090684176422655582427978515625000000000000000000000000000000000e+01
-7.60436887286423086607101140543818473815917968750000000000000000000000000000000000e+01
-7.66713257640101204515303834341466426849365234375000000000000000000000000000000000e+01
-7.73037454609564633756235707551240921020507812500000000000000000000000000000000000e+01
-7.78433157101514296982713858596980571746826171875000000000000000000000000000000000e+01
-7.84853732134603774284187238663434982299804687500000000000000000000000000000000000e+01
-7.91322859839408039306363207288086414337158203125000000000000000000000000000000000e+01
-7.97840783458394469107588520273566246032714843750000000000000000000000000000000000e+01
-8.04407746845896127751984749920666217803955078125000000000000000000000000000000000e+01
-8.12977119468080644537621992640197277069091796875000000000000000000000000000000000e+01
-8.15736646402923071264012833125889301300048828125000000000000000000000000000000000e+01
-8.25381885840181013236360740847885608673095703125000000000000000000000000000000000e+01
-8.33124021581364218036469537764787673950195312500000000000000000000000000000000000e+01
-8.38963300539708143332973122596740722656250000000000000000000000000000000000000000e+01
-8.44853095240150651079602539539337158203125000000000000000000000000000000000000000e+01
-8.50793653819303727914302726276218891143798828125000000000000000000000000000000000e+01
-8.59714912525426910860915086232125759124755859375000000000000000000000000000000000e+01
-8.68687433218403555201803101226687431335449218750000000000000000000000000000000000e+01
-8.75758340869718523435949464328587055206298828125000000000000000000000000000000000e+01
-8.79951323562424931878922507166862487792968750000000000000000000000000000000000000e+01
-8.89079132491134203064575558528304100036621093750000000000000000000000000000000000e+01
-8.94352956961975991134750074706971645355224609375000000000000000000000000000000000e+01
-9.03585549392588518458069302141666412353515625000000000000000000000000000000000000e+01
-9.07988100312086032772640464827418327331542968750000000000000000000000000000000000e+01
-9.18303050861041043617660761810839176177978515625000000000000000000000000000000000e+01
-9.25741592791461158640231587924063205718994140625000000000000000000000000000000000e+01
-9.32257105966763504056871170178055763244628906250000000000000000000000000000000000e+01
-9.37849845861756818976573413237929344177246093750000000000000000000000000000000000e+01
-9.46426318562617296947792056016623973846435546875000000000000000000000000000000000e+01
-9.56033655766869827630216605030000209808349609375000000000000000000000000000000000e+01
-9.61789302283363269907567882910370826721191406250000000000000000000000000000000000e+01
-9.72482578532253967296128394082188606262207031250000000000000000000000000000000000e+01
-9.76394993044981447383179329335689544677734375000000000000000000000000000000000000e+01
-9.89151804964250374041512259282171726226806640625000000000000000000000000000000000e+01
-9.95128274044009231147356331348419189453125000000000000000000000000000000000000000e+01
-1.00409028564943355377181433141231536865234375000000000000000000000000000000000000e+02
-1.01213185075690432768169557675719261169433593750000000000000000000000000000000000e+02
-1.01827666845398695727453741710633039474487304687500000000000000000000000000000000e+02
-1.02838437593941804948372009675949811935424804687500000000000000000000000000000000e+02
-1.03268961102307898158869647886604070663452148437500000000000000000000000000000000e+02
-1.04584107462598609572523855604231357574462890625000000000000000000000000000000000e+02
-1.05123746828026540356404439080506563186645507812500000000000000000000000000000000e+02
-1.06059780662914036497568304184824228286743164062500000000000000000000000000000000e+02
-1.07099266742690872433740878477692604064941406250000000000000000000000000000000000e+02
-1.07656294153893185239212471060454845428466796875000000000000000000000000000000000e+02
-1.08316827044160859827570675406605005264282226562500000000000000000000000000000000e+02
-1.09471517122236718932981602847576141357421875000000000000000000000000000000000000e+02
-1.10339141157964533590529754292219877243041992187500000000000000000000000000000000e+02
-1.11212694732286948351429600734263658523559570312500000000000000000000000000000000e+02
-1.12287517237244642842597386334091424942016601562500000000000000000000000000000000e+02
-1.12880041875974029608187265694141387939453125000000000000000000000000000000000000e+02
-1.13771545662705989343521650880575180053710937500000000000000000000000000000000000e+02
-1.14864399422764222435944247990846633911132812500000000000000000000000000000000000e+02
-1.15670349042564012620459834579378366470336914062500000000000000000000000000000000e+02
-1.16677702969609995875543972942978143692016601562500000000000000000000000000000000e+02
-1.17593519712495435669552534818649291992187500000000000000000000000000000000000000e+02
-1.18710795340900418182172870729118585586547851562500000000000000000000000000000000e+02
-1.19638932235589891206473112106323242187500000000000000000000000000000000000000000e+02
-1.20377957838413237823260715231299400329589843750000000000000000000000000000000000e+02
-1.21318524652301846344926161691546440124511718750000000000000000000000000000000000e+02
-1.22265347741268541881254350300878286361694335937500000000000000000000000000000000e+02
-1.23316110980405426289507886394858360290527343750000000000000000000000000000000000e+02
-1.24275529555883196053400752134621143341064453125000000000000000000000000000000000e+02
-1.25241287464949195396002323832362890243530273437500000000000000000000000000000000e+02
-1.26018100015926464152471453417092561721801757812500000000000000000000000000000000e+02
-1.27094276328212160365183081012219190597534179687500000000000000000000000000000000e+02
-1.28079219332276522891334025189280509948730468750000000000000000000000000000000000e+02
-1.29070613269661549793454469181597232818603515625000000000000000000000000000000000e+02
-1.30068486192979207771713845431804656982421875000000000000000000000000000000000000e+02
-1.31268178715911119525117101147770881652832031250000000000000000000000000000000000e+02
-1.31986125263206133695348398759961128234863281250000000000000000000000000000000000e+02
-1.33296572820680296445061685517430305480957031250000000000000000000000000000000000e+02
-1.34320643435214719829673413187265396118164062500000000000000000000000000000000000e+02
-1.35448990464755041784883360378444194793701171875000000000000000000000000000000000e+02
-1.36388673578309663980689947493374347686767578125000000000000000000000000000000000e+02
-1.37432690005949268652329919859766960144042968750000000000000000000000000000000000e+02
-1.38288099538804601706942776218056678771972656250000000000000000000000000000000000e+02
-1.39638524529066614832117920741438865661621093750000000000000000000000000000000000e+02
-1.40605087389984618084781686775386333465576171875000000000000000000000000000000000e+02
-1.41480785595864972492563538253307342529296875000000000000000000000000000000000000e+02
-1.42656272932070635306445183232426643371582031250000000000000000000000000000000000e+02
-1.43838609495019511541613610461354255676269531250000000000000000000000000000000000e+02
-1.44734855442183743434725329279899597167968750000000000000000000000000000000000000e+02
-1.46126289742088232515015988610684871673583984375000000000000000000000000000000000e+02
-1.47036378924310383808915503323078155517578125000000000000000000000000000000000000e+02
-1.48246402079478087898678495548665523529052734375000000000000000000000000000000000e+02
-1.49365763359269379861871129833161830902099609375000000000000000000000000000000000e+02
-1.50492148226411472933250479400157928466796875000000000000000000000000000000000000e+02
-1.51430273454678882671942119486629962921142578125000000000000000000000000000000000e+02
-1.52570793378893739600243861787021160125732421875000000000000000000000000000000000e+02
-1.53913737394923714418837334960699081420898437500000000000000000000000000000000000e+02
-1.55166166209681790633112541399896144866943359375000000000000000000000000000000000e+02
-1.56230453091124786624277476221323013305664062500000000000000000000000000000000000e+02
-1.57497252618253043010554392822086811065673828125000000000000000000000000000000000e+02
-1.58673625681108461549229105003178119659423828125000000000000000000000000000000000e+02
-1.59759601980774931462292443029582500457763671875000000000000000000000000000000000e+02
-1.60852867529376197808232973329722881317138671875000000000000000000000000000000000e+02
-1.62246420900075833060327568091452121734619140625000000000000000000000000000000000e+02
-1.63452010727076043394845328293740749359130859375000000000000000000000000000000000e+02
-1.64664979455616560244379797950387001037597656250000000000000000000000000000000000e+02
-1.65787700841974100285369786433875560760498046875000000000000000000000000000000000e+02
-1.67015517453461228569722152315080165863037109375000000000000000000000000000000000e+02
-1.68055490668426102729426929727196693420410156250000000000000000000000000000000000e+02
-1.69884213176250824517410364933311939239501953125000000000000000000000000000000000e+02
-1.70939215227351297698987764306366443634033203125000000000000000000000000000000000e+02
-1.72294745883176034340067417360842227935791015625000000000000000000000000000000000e+02
-1.73560210516205358999286545440554618835449218750000000000000000000000000000000000e+02
-1.74540327059950755028694402426481246948242187500000000000000000000000000000000000e+02
